0.999322 -0.000335396 -0.0368086
-0.000335396 0.999834 -0.0182161
0.0368086 0.0182161 0.999156

0.999998 9.37597e-07 0.00188454
9.37597e-07 1 -0.000995039
-0.00188454 0.000995039 0.999998

0.999976 0.000312724 -0.00696751
0.000312724 0.995979 0.0895848
0.00696751 -0.0895848 0.995955

0.999196 0.00181079 -0.0400508
0.00181079 0.995922 0.0902039
0.0400508 -0.0902039 0.995118

0.999688 -0.000367867 -0.024994
-0.000367867 0.999567 -0.0294255
0.024994 0.0294255 0.999254

0.999444 -0.000488278 -0.0333364
-0.000488278 0.999571 -0.0292796
0.0333364 0.0292796 0.999015

0.999779 -0.00011882 -0.0210287
-0.00011882 0.999936 -0.0112991
0.0210287 0.0112991 0.999715

0.999935 -9.68887e-05 -0.0113936
-9.68887e-05 0.999855 -0.0170058
0.0113936 0.0170058 0.99979

0.999571 0.000124386 -0.0292968
0.000124386 0.999964 0.00848948
0.0292968 -0.00848948 0.999535

0.999658 0.000381648 -0.0261651
0.000381648 0.999575 0.0291612
0.0261651 -0.0291612 0.999232

0.999711 0.000187393 0.0240322
0.000187393 0.999878 -0.015592
-0.0240322 0.015592 0.99959

0.999298 0.000561278 0.0374524
0.000561278 0.999551 -0.0299556
-0.0374524 0.0299556 0.998849

0.999952 0.00011896 0.00981891
0.00011896 0.999706 -0.0242267
-0.00981891 0.0242267 0.999658

0.999993 -4.10149e-05 -0.00376689
-4.10149e-05 0.999763 -0.0217739
0.00376689 0.0217739 0.999756

0.999509 -0.000661814 -0.03134
-0.000661814 0.999109 -0.0422052
0.03134 0.0422052 0.998617

1 2.29967e-06 7.87851e-05
2.29967e-06 0.998297 -0.0583285
-7.87851e-05 0.0583285 0.998297

0.999947 0.000219851 0.010281
0.000219851 0.999086 -0.0427479
-0.010281 0.0427479 0.999033

0.99998 6.07461e-05 0.00628774
6.07461e-05 0.999813 -0.0193201
-0.00628774 0.0193201 0.999794

0.99951 0.000489769 0.0313063
0.000489769 0.999511 -0.0312735
-0.0313063 0.0312735 0.99902

0.999848 0.000400119 0.0174434
0.000400119 0.998948 -0.0458488
-0.0174434 0.0458488 0.998796

0.999971 5.43025e-05 0.00763969
5.43025e-05 0.999899 -0.014215
-0.00763969 0.014215 0.99987

0.999693 -0.000107115 -0.0247769
-0.000107115 0.999963 -0.00864484
0.0247769 0.00864484 0.999656

0.99871 0.000615922 0.0507703
0.000615922 0.999706 -0.0242439
-0.0507703 0.0242439 0.998416

0.999805 0.000599832 0.0197426
0.000599832 0.998156 -0.0607032
-0.0197426 0.0607032 0.997961

0.999967 0.000105837 0.0081816
0.000105837 0.999665 -0.0258672
-0.0081816 0.0258672 0.999632

0.999973 2.75198e-05 0.00730911
2.75198e-05 0.999972 -0.00753005
-0.00730911 0.00753005 0.999945

0.999977 -0.000145346 -0.00677023
-0.000145346 0.999079 -0.0429165
0.00677023 0.0429165 0.999056

0.999857 1.23458e-05 0.0169042
1.23458e-05 0.999999 -0.00146058
-0.0169042 0.00146058 0.999856

0.999988 -2.79759e-05 0.00487455
-2.79759e-05 0.999934 0.0114779
-0.00487455 -0.0114779 0.999922

0.999999 5.22974e-06 -0.00112471
5.22974e-06 0.999957 0.00929956
0.00112471 -0.00929956 0.999956

0.999995 1.22294e-05 0.00314584
1.22294e-05 0.99997 -0.00777484
-0.00314584 0.00777484 0.999965

0.999892 9.44295e-05 0.0146689
9.44295e-05 0.999917 -0.0128735
-0.0146689 0.0128735 0.99981

0.999579 -0.000181393 0.0290102
-0.000181393 0.999922 0.0125023
-0.0290102 -0.0125023 0.999501

0.999965 2.50238e-05 0.00836138
2.50238e-05 0.999982 -0.00598541
-0.00836138 0.00598541 0.999947

0.99917 -0.000826867 -0.0407271
-0.000826867 0.999176 -0.0405716
0.0407271 0.0405716 0.998346

0.999995 5.33961e-05 0.00304818
5.33961e-05 0.999386 -0.035024
-0.00304818 0.035024 0.999382

0.998664 -0.000848185 -0.051671
-0.000848185 0.999462 -0.0327994
0.051671 0.0327994 0.998125

0.999275 -9.80216e-06 0.0380645
-9.80216e-06 1 0.000514843
-0.0380645 -0.000514843 0.999275

0.997259 -0.000655436 -0.0739861
-0.000655436 0.999843 -0.0176921
0.0739861 0.0176921 0.997102

0.997495 8.93625e-05 -0.0707438
8.93625e-05 0.999997 0.0025232
0.0707438 -0.0025232 0.997491

0.988265 -0.00138973 -0.152742
-0.00138973 0.999835 -0.0180888
0.152742 0.0180888 0.988101

0.999941 -5.5681e-05 -0.0109016
-5.5681e-05 0.999948 -0.0102147
0.0109016 0.0102147 0.999888

0.99994 -1.3859e-05 -0.0109758
-1.3859e-05 0.999997 -0.0025253
0.0109758 0.0025253 0.999937

0.999864 -0.000971531 0.0164455
-0.000971531 0.993045 0.117732
-0.0164455 -0.117732 0.992909

0.997372 -0.0086295 0.0719331
-0.0086295 0.971662 0.236216
-0.0719331 -0.236216 0.969034

0.999971 -0.000547053 0.00755287
-0.000547053 0.989563 0.144102
-0.00755287 -0.144102 0.989534

0.999994 -0.000139352 0.00331786
-0.000139352 0.996478 0.083853
-0.00331786 -0.083853 0.996473

0.999998 -7.49452e-05 0.00203244
-7.49452e-05 0.997284 0.0736489
-0.00203244 -0.0736489 0.997282

0.999822 0.000436469 -0.0188401
0.000436469 0.998927 0.0463051
0.0188401 -0.0463051 0.99875

0.998726 4.50217e-05 -0.0504658
4.50217e-05 0.999998 0.00178311
0.0504658 -0.00178311 0.998724

0.998346 -0.000161311 -0.05749
-0.000161311 0.999984 -0.00560711
0.05749 0.00560711 0.99833

0.999721 0.000454034 -0.0236207
0.000454034 0.999261 0.0384241
0.0236207 -0.0384241 0.998982

0.998368 0.00105022 -0.057107
0.00105022 0.999324 0.0367383
0.057107 -0.0367383 0.997692

0.999392 0.00105608 -0.0348563
0.00105608 0.998166 0.0605223
0.0348563 -0.0605223 0.997558

0.999454 0.000422809 -0.033029
0.000422809 0.999672 0.0255911
0.033029 -0.0255911 0.999127

0.999458 0.000837196 -0.0328954
0.000837196 0.998706 0.0508537
0.0328954 -0.0508537 0.998164

0.999681 0.000743339 -0.0252544
0.000743339 0.998269 0.0588077
0.0252544 -0.0588077 0.99795

0.997686 0.00150196 -0.0679757
0.00150196 0.999025 0.0441184
0.0679757 -0.0441184 0.996711

0.999354 0.0011281 -0.0359214
0.0011281 0.99803 0.0627273
0.0359214 -0.0627273 0.997384

0.998871 0.00347607 -0.0473864
0.00347607 0.989301 0.145844
0.0473864 -0.145844 0.988172

0.999864 -0.000809046 0.0164949
-0.000809046 0.9952 0.0978547
-0.0164949 -0.0978547 0.995064

0.979226 0.00569004 -0.202691
0.00569004 0.998441 0.0555181
0.202691 -0.0555181 0.977668

0.999336 0.0010322 -0.0364163
0.0010322 0.998395 0.0566248
0.0364163 -0.0566248 0.997731

0.999506 -0.000229748 -0.0314189
-0.000229748 0.999893 -0.0146204
0.0314189 0.0146204 0.999399

0.995876 0.0023267 -0.0906898
0.0023267 0.998687 0.0511718
0.0906898 -0.0511718 0.994564

0.999755 0.00108458 -0.0221002
0.00108458 0.995195 0.0979032
0.0221002 -0.0979032 0.994951

0.997279 0.00247043 -0.0736844
0.00247043 0.997757 0.0668879
0.0736844 -0.0668879 0.995036

0.999696 0.000627788 -0.0246678
0.000627788 0.998706 0.0508587
0.0246678 -0.0508587 0.998401

0.999557 0.0017334 -0.0297226
0.0017334 0.993222 0.116217
0.0297226 -0.116217 0.992779

0.998827 0.000681383 -0.0484195
0.000681383 0.999604 0.0281229
0.0484195 -0.0281229 0.998431

0.999755 0.000529971 -0.0221473
0.000529971 0.998856 0.0478254
0.0221473 -0.0478254 0.99861

0.999998 0.000117339 -0.0018259
0.000117339 0.991774 0.127998
0.0018259 -0.127998 0.991773

0.999217 -3.94651e-05 -0.0395715
-3.94651e-05 0.999998 -0.00199384
0.0395715 0.00199384 0.999215

0.999984 0.00010515 -0.00566833
0.00010515 0.999312 0.0370879
0.00566833 -0.0370879 0.999296

0.99861 0.00168055 -0.0526871
0.00168055 0.997969 0.0636845
0.0526871 -0.0636845 0.996578

0.999994 1.38191e-05 0.00342992
1.38191e-05 0.999968 -0.0080578
-0.00342992 0.0080578 0.999962

0.997312 0.00101617 -0.0732618
0.00101617 0.999616 0.0276981
0.0732618 -0.0276981 0.996928

0.99987 0.000600948 -0.0161271
0.000600948 0.997227 0.0744183
0.0161271 -0.0744183 0.997097

0.999976 -0.000433657 0.00684933
-0.000433657 0.992015 0.126121
-0.00684933 -0.126121 0.991991

0.999318 0.000845714 -0.0369287
0.000845714 0.998952 0.045763
0.0369287 -0.045763 0.99827

0.999154 0.00129818 -0.0411058
0.00129818 0.998008 0.0630732
0.0411058 -0.0630732 0.997162

0.999756 0.000898213 -0.0220907
0.000898213 0.996699 0.0811762
0.0220907 -0.0811762 0.996455

0.999629 0.00108324 -0.0272095
0.00108324 0.996836 0.0794816
0.0272095 -0.0794816 0.996465

0.999995 -1.44412e-05 -0.00331293
-1.44412e-05 0.999962 -0.00871791
0.00331293 0.00871791 0.999957

0.999999 -2.64226e-05 -0.00118927
-2.64226e-05 0.999013 -0.0444131
0.00118927 0.0444131 0.999013

0.999978 -0.000144685 -0.00662103
-0.000144685 0.999045 -0.0436833
0.00662103 0.0436833 0.999023

0.999966 -0.000241336 -0.00830262
-0.000241336 0.998312 -0.0580848
0.00830262 0.0580848 0.998277

0.99973 0.000193968 -0.0232249
0.000193968 0.999861 0.0167
0.0232249 -0.0167 0.999591

0.999586 -0.000252788 -0.0287878
-0.000252788 0.999846 -0.0175572
0.0287878 0.0175572 0.999431

0.998286 0.00058512 -0.0585186
0.00058512 0.9998 0.0199786
0.0585186 -0.0199786 0.998086

0.999962 -0.00016057 -0.00867615
-0.00016057 0.999315 -0.0370009
0.00867615 0.0370009 0.999278

0.998258 0.00122936 -0.0589808
0.00122936 0.999132 0.0416323
0.0589808 -0.0416323 0.997391

0.999929 -9.3524e-05 0.0119064
-9.3524e-05 0.999877 0.0157084
-0.0119064 -0.0157084 0.999806

0.994329 0.000560758 -0.106349
0.000560758 0.999945 0.0105155
0.106349 -0.0105155 0.994273

0.998439 -0.000487228 -0.0558439
-0.000487228 0.999848 -0.0174347
0.0558439 0.0174347 0.998287

0.999895 0.000313965 -0.0145181
0.000313965 0.999065 0.0432291
0.0145181 -0.0432291 0.99896

0.999984 6.77702e-05 -0.00561416
6.77702e-05 0.999709 0.0241389
0.00561416 -0.0241389 0.999693

0.99768 -0.00186699 0.0680558
-0.00186699 0.998498 0.0547617
-0.0680558 -0.0547617 0.996177

0.998888 -0.00223868 0.0470956
-0.00223868 0.995494 0.0948026
-0.0470956 -0.0948026 0.994381

0.997659 -0.00380691 0.0682817
-0.00380691 0.99381 0.11103
-0.0682817 -0.11103 0.991469

0.999927 -0.000625874 0.0121022
-0.000625874 0.994665 0.103151
-0.0121022 -0.103151 0.994592

0.999935 -5.6763e-06 -0.011371
-5.6763e-06 1 -0.000998352
0.011371 0.000998352 0.999935

0.999687 9.11587e-05 0.0250284
9.11587e-05 0.999973 -0.00728319
-0.0250284 0.00728319 0.99966

0.999651 -6.22904e-05 -0.0264273
-6.22904e-05 0.999989 -0.00471325
0.0264273 0.00471325 0.99964

0.999977 -1.47531e-05 0.00678772
-1.47531e-05 0.999991 0.00434692
-0.00678772 -0.00434692 0.999968

0.999932 0.000131419 -0.0116974
0.000131419 0.999748 0.0224663
0.0116974 -0.0224663 0.999679

0.999941 -1.31471e-05 -0.0108832
-1.31471e-05 0.999997 -0.00241594
0.0108832 0.00241594 0.999938

0.998653 0.000527622 0.0518875
0.000527622 0.999793 -0.0203214
-0.0518875 0.0203214 0.998446

0.999293 -0.000216197 0.0375832
-0.000216197 0.999934 0.0115006
-0.0375832 -0.0115006 0.999227

0.999942 -4.86728e-05 0.0108155
-4.86728e-05 0.999959 0.00900012
-0.0108155 -0.00900012 0.999901

0.999986 -7.67148e-06 0.00526411
-7.67148e-06 0.999996 0.00291461
-0.00526411 -0.00291461 0.999982

0.9979 0.000672014 0.0647644
0.000672014 0.999785 -0.0207286
-0.0647644 0.0207286 0.997685

0.999999 4.33688e-06 -0.00145653
4.33688e-06 0.999982 0.00595505
0.00145653 -0.00595505 0.999981

0.999163 -0.000724827 -0.0408982
-0.000724827 0.999372 -0.0354195
0.0408982 0.0354195 0.998535

0.999112 0.00250696 0.042048
0.00250696 0.992919 -0.118767
-0.042048 0.118767 0.992031

0.999288 -0.000246502 -0.0377173
-0.000246502 0.999915 -0.0130658
0.0377173 0.0130658 0.999203

0.998972 0.000294224 -0.0453361
0.000294224 0.999916 0.0129725
0.0453361 -0.0129725 0.998888

0.999993 0.000165216 -0.00381153
0.000165216 0.996249 0.0865301
0.00381153 -0.0865301 0.996242

0.999756 0.000789095 -0.0220619
0.000789095 0.997445 0.0714344
0.0220619 -0.0714344 0.997201

0.999507 0.000356458 -0.0314072
0.000356458 0.999742 0.0226906
0.0314072 -0.0226906 0.999249

0.999868 0.00021221 -0.0162232
0.00021221 0.999658 0.0261551
0.0162232 -0.0261551 0.999526

0.999813 0.000202159 -0.0193425
0.000202159 0.999782 0.0208988
0.0193425 -0.0208988 0.999594

0.999823 -6.66169e-05 0.0187888
-6.66169e-05 0.999975 0.00709043
-0.0187888 -0.00709043 0.999798

0.999865 -0.000337719 0.0164124
-0.000337719 0.999154 0.0411339
-0.0164124 -0.0411339 0.999019

0.999828 0.000584363 0.0185115
0.000584363 0.998009 -0.063067
-0.0185115 0.063067 0.997838

0.999624 0.000420232 0.0274164
0.000420232 0.99953 -0.0306426
-0.0274164 0.0306426 0.999154

0.999562 0.000114155 0.0296015
0.000114155 0.99997 -0.00771101
-0.0296015 0.00771101 0.999532

0.998442 -0.00130981 0.0557759
-0.00130981 0.998899 0.0469045
-0.0557759 -0.0469045 0.997341

0.999103 7.5786e-05 0.0423418
7.5786e-05 0.999994 -0.00357811
-0.0423418 0.00357811 0.999097

0.999993 0.000281154 -0.00381503
0.000281154 0.989196 0.146596
0.00381503 -0.146596 0.989189

0.999991 -6.13869e-05 -0.00430199
-6.13869e-05 0.999593 -0.0285329
0.00430199 0.0285329 0.999584

0.999724 -0.000535441 -0.0235043
-0.000535441 0.998963 -0.0455312
0.0235043 0.0455312 0.998686

0.999034 -0.000957738 -0.0439447
-0.000957738 0.999051 -0.0435466
0.0439447 0.0435466 0.998084

0.998255 0.00113055 -0.0590463
0.00113055 0.999268 0.0382461
0.0590463 -0.0382461 0.997522

0.998274 -0.00102583 -0.058719
-0.00102583 0.99939 -0.0348996
0.058719 0.0348996 0.997664

0.998387 0.000285508 -0.0567672
0.000285508 0.999949 0.0100505
0.0567672 -0.0100505 0.998337

0.999065 -0.000639507 -0.0432336
-0.000639507 0.999563 -0.0295635
0.0432336 0.0295635 0.998627

0.999998 -6.83244e-05 0.0018918
-6.83244e-05 0.997395 0.0721378
-0.0018918 -0.0721378 0.997393

0.999786 0.00072156 -0.0206925
0.00072156 0.997571 0.069649
0.0206925 -0.069649 0.997357

0.999829 6.86021e-05 -0.0185023
6.86021e-05 0.999973 0.00741477
0.0185023 -0.00741477 0.999801

0.999257 0.00167285 -0.0385144
0.00167285 0.996235 0.0866729
0.0385144 -0.0866729 0.995492

0.999751 0.000776705 -0.0222903
0.000776705 0.997575 0.0695967
0.0222903 -0.0695967 0.997326

0.999644 0.00129225 -0.0266553
0.00129225 0.995311 0.096715
0.0266553 -0.096715 0.994955

0.999071 0.000392908 -0.0431013
0.000392908 0.999834 0.0182218
0.0431013 -0.0182218 0.998905

0.994601 -0.00171678 0.103761
-0.00171678 0.999454 0.0329925
-0.103761 -0.0329925 0.994055

0.999855 -0.000256483 -0.0170386
-0.000256483 0.999547 -0.0300971
0.0170386 0.0300971 0.999402

0.99869 0.000141814 -0.0511751
0.000141814 0.999985 0.00553863
0.0511751 -0.00553863 0.998674

0.999189 0.0012412 -0.0402474
0.0012412 0.9981 0.0615948
0.0402474 -0.0615948 0.997289

0.999358 0.000768877 -0.0358281
0.000768877 0.99908 0.0428868
0.0358281 -0.0428868 0.998437

0.999658 0.000573993 -0.0261345
0.000573993 0.999036 0.0438973
0.0261345 -0.0438973 0.998694

0.999981 0.000136806 -0.00610818
0.000136806 0.998997 0.0447716
0.00610818 -0.0447716 0.998979

0.9994 0.000930535 -0.0346376
0.000930535 0.998558 0.0536749
0.0346376 -0.0536749 0.997958

0.998886 0.00230066 -0.0471402
0.00230066 0.99525 0.0973231
0.0471402 -0.0973231 0.994136

0.9986 0.00404422 -0.0527431
0.00404422 0.988318 0.152352
0.0527431 -0.152352 0.986918

0.999628 0.00173675 -0.0272071
0.00173675 0.991885 0.127127
0.0272071 -0.127127 0.991513

0.999084 -0.000529877 -0.0427841
-0.000529877 0.999693 -0.0247546
0.0427841 0.0247546 0.998778

0.995743 0.00247798 -0.0921442
0.00247798 0.998558 0.0536316
0.0921442 -0.0536316 0.9943

0.997551 -0.000270358 -0.0699453
-0.000270358 0.99997 -0.00772097
0.0699453 0.00772097 0.997521

0.999664 0.000405552 -0.0259322
0.000405552 0.999511 0.0312649
0.0259322 -0.0312649 0.999175

0.998226 -0.00325722 0.0594553
-0.00325722 0.994021 0.109144
-0.0594553 -0.109144 0.992246

0.999926 0.000352388 -0.0121886
0.000352388 0.99833 0.0577719
0.0121886 -0.0577719 0.998255

0.999824 0.000638548 -0.0187265
0.000638548 0.997677 0.0681121
0.0187265 -0.0681121 0.997502

0.999072 0.000937254 -0.0430614
0.000937254 0.999053 0.0434903
0.0430614 -0.0434903 0.998125

0.998703 0.00175141 -0.0508909
0.00175141 0.997636 0.0687038
0.0508909 -0.0687038 0.996338

0.998133 0.0021022 -0.0610454
0.0021022 0.997633 0.0687276
0.0610454 -0.0687276 0.995766

0.999639 0.000685633 -0.0268591
0.000685633 0.998698 0.0510116
0.0268591 -0.0510116 0.998337

0.99982 0.000351842 0.0189636
0.000351842 0.999312 -0.037091
-0.0189636 0.037091 0.999132

0.998991 -0.00173238 0.0448866
-0.00173238 0.997027 0.0770355
-0.0448866 -0.0770355 0.996017

0.999833 0.000889445 -0.0182792
0.000889445 0.995276 0.0970795
0.0182792 -0.0970795 0.995109

0.99931 0.00283998 -0.0370273
0.00283998 0.988307 0.15245
0.0370273 -0.15245 0.987617

0.998902 0.00221428 -0.0468044
0.00221428 0.995536 0.0943553
0.0468044 -0.0943553 0.994438

0.99708 0.00353975 -0.0762814
0.00353975 0.995709 0.0924729
0.0762814 -0.0924729 0.992789

0.999804 0.00143857 -0.0197653
0.00143857 0.989462 0.144784
0.0197653 -0.144784 0.989266

0.999335 0.00114554 -0.0364562
0.00114554 0.998028 0.062762
0.0364562 -0.062762 0.997362

0.999945 0.000396918 -0.0105213
0.000396918 0.997158 0.0753412
0.0105213 -0.0753412 0.997102

0.999937 -0.000553624 0.0112447
-0.000553624 0.995164 0.0982267
-0.0112447 -0.0982267 0.995101

0.999854 0.000547835 -0.0170839
0.000547835 0.997946 0.064064
0.0170839 -0.064064 0.9978

0.999996 8.69273e-05 -0.00289977
8.69273e-05 0.998204 0.0599007
0.00289977 -0.0599007 0.9982

0.998295 0.00261166 -0.0583063
0.00261166 0.995999 0.0893287
0.0583063 -0.0893287 0.994294

0.999751 0.00148048 -0.0222687
0.00148048 0.9912 0.132364
0.0222687 -0.132364 0.990951

0.986557 0.00790208 -0.163228
0.00790208 0.995355 0.0959467
0.163228 -0.0959467 0.981912

0.993285 0.00631639 -0.115519
0.00631639 0.994058 0.108665
0.115519 -0.108665 0.987344

0.999752 0.000420353 -0.0222747
0.000420353 0.999288 0.0377245
0.0222747 -0.0377245 0.99904

0.999998 -5.82422e-05 0.00174132
-5.82422e-05 0.997765 0.0668195
-0.00174132 -0.0668195 0.997764

0.999723 0.000877193 -0.0235137
0.000877193 0.997221 0.0744972
0.0235137 -0.0744972 0.996944

0.999288 0.00154213 -0.0376863
0.00154213 0.996658 0.0816746
0.0376863 -0.0816746 0.995946

0.998647 0.00322007 -0.0519114
0.00322007 0.992339 0.123501
0.0519114 -0.123501 0.990986

0.993897 0.00641301 -0.110125
0.00641301 0.993261 0.115721
0.110125 -0.115721 0.987158

0.998986 -0.000372051 0.0450212
-0.000372051 0.999863 0.0165183
-0.0450212 -0.0165183 0.998849

0.998996 0.00045073 -0.0447883
0.00045073 0.999798 0.020115
0.0447883 -0.020115 0.998794

0.999782 0.000320119 -0.0208958
0.000320119 0.999531 0.030629
0.0208958 -0.030629 0.999312

0.999338 0.000712137 -0.0363613
0.000712137 0.999233 0.0391421
0.0363613 -0.0391421 0.998572

0.999997 3.67563e-05 -0.00261176
3.67563e-05 0.999604 0.0281412
0.00261176 -0.0281412 0.999601

0.998932 0.000725173 -0.0462069
0.000725173 0.999508 0.0313636
0.0462069 -0.0313636 0.998439

0.999857 -0.00159458 0.0168106
-0.00159458 0.982167 0.188006
-0.0168106 -0.188006 0.982024

0.999978 -0.000328983 0.00664667
-0.000328983 0.995112 0.0987487
-0.00664667 -0.0987487 0.99509

0.999392 0.00106422 -0.0348382
0.00106422 0.998136 0.0610193
0.0348382 -0.0610193 0.997528

0.998423 0.00468979 -0.0559494
0.00468979 0.986057 0.166343
0.0559494 -0.166343 0.984479

0.999974 -0.000157355 -0.00723653
-0.000157355 0.999055 -0.0434679
0.00723653 0.0434679 0.999029

0.996395 0.0019078 -0.0848172
0.0019078 0.99899 0.0448823
0.0848172 -0.0448823 0.995385

0.999757 0.00179097 -0.0219536
0.00179097 0.986779 0.162061
0.0219536 -0.162061 0.986536

0.999944 -0.000964707 0.0105443
-0.000964707 0.983398 0.181458
-0.0105443 -0.181458 0.983342

0.998952 0.00131524 -0.0457495
0.00131524 0.998349 0.0574199
0.0457495 -0.0574199 0.997301

0.999999 -5.90534e-05 0.00116053
-5.90534e-05 0.994835 0.101507
-0.00116053 -0.101507 0.994834

0.999954 0.00057294 -0.00961017
0.00057294 0.992917 0.118811
0.00961017 -0.118811 0.99287

0.999486 0.00217819 -0.0319692
0.00217819 0.990761 0.135603
0.0319692 -0.135603 0.990247

0.999688 -0.00124976 -0.0249473
-0.00124976 0.994994 -0.0999255
0.0249473 0.0999255 0.994682

0.999189 0.00210984 -0.0402098
0.00210984 0.994511 0.104611
0.0402098 -0.104611 0.9937

0.999315 0.00202497 -0.0369383
0.00202497 0.99401 0.109275
0.0369383 -0.109275 0.993325

0.999457 0.000830298 -0.032938
0.000830298 0.99873 0.0503701
0.032938 -0.0503701 0.998187

0.998459 0.00168094 -0.0554732
0.00168094 0.998167 0.0605014
0.0554732 -0.0605014 0.996625

0.99686 0.00702422 -0.0788767
0.00702422 0.984289 0.176428
0.0788767 -0.176428 0.981148

0.997635 1.51112e-05 0.0687326
1.51112e-05 1 -0.000439189
-0.0687326 0.000439189 0.997635

0.999897 -7.07216e-05 -0.0143331
-7.07216e-05 0.999951 -0.00986757
0.0143331 0.00986757 0.999849

0.999994 -3.11665e-05 0.00345665
-3.11665e-05 0.999837 0.0180312
-0.00345665 -0.0180312 0.999831

0.999339 -0.000214479 0.0363565
-0.000214479 0.99993 0.0117944
-0.0363565 -0.0117944 0.999269

0.999004 0.000985343 -0.044614
0.000985343 0.999025 0.0441284
0.044614 -0.0441284 0.998029

0.999256 0.000936027 -0.0385648
0.000936027 0.998823 0.0484965
0.0385648 -0.0484965 0.998079

0.997847 0.0019566 -0.0655492
0.0019566 0.998222 0.0595812
0.0655492 -0.0595812 0.996069

0.998383 -0.00172589 -0.0568117
-0.00172589 0.998157 -0.060653
0.0568117 0.060653 0.996541

0.999168 0.000333701 -0.0407944
0.000333701 0.999866 0.0163522
0.0407944 -0.0163522 0.999034

0.996652 0.000887941 -0.0817507
0.000887941 0.999764 0.0216842
0.0817507 -0.0216842 0.996417

0.999214 -0.000572108 -0.0396275
-0.000572108 0.999583 -0.028857
0.0396275 0.028857 0.998798

0.999323 -0.000656892 -0.0367733
-0.000656892 0.999362 -0.0357031
0.0367733 0.0357031 0.998686

0.998584 -0.000417094 -0.0531969
-0.000417094 0.999877 -0.0156691
0.0531969 0.0156691 0.998461

0.997708 0.000152307 -0.0676714
0.000152307 0.99999 0.00449619
0.0676714 -0.00449619 0.997698

0.999254 -0.00117451 -0.0385886
-0.00117451 0.99815 -0.0607942
0.0385886 0.0607942 0.997404

0.998234 -0.00044914 -0.0594019
-0.00044914 0.999886 -0.0151079
0.0594019 0.0151079 0.99812

0.999565 6.84842e-05 -0.0295014
6.84842e-05 0.999989 0.00464174
0.0295014 -0.00464174 0.999554

0.999976 -7.48796e-06 0.00688892
-7.48796e-06 0.999998 0.00217388
-0.00688892 -0.00217388 0.999974

0.999208 -0.000197097 -0.0397858
-0.000197097 0.999951 -0.00990372
0.0397858 0.00990372 0.999159

0.998193 -0.000119017 -0.0600819
-0.000119017 0.999992 -0.00395824
0.0600819 0.00395824 0.998186

0.99988 0.000403124 0.0154855
0.000403124 0.998646 -0.0520262
-0.0154855 0.0520262 0.998526

0.999409 0.00086648 0.0343602
0.00086648 0.998729 -0.0503881
-0.0343602 0.0503881 0.998138

0.999425 -0.000846534 -0.0339091
-0.000846534 0.998755 -0.0498842
0.0339091 0.0498842 0.998179

0.999947 9.76129e-05 0.0102621
9.76129e-05 0.999819 -0.0190218
-0.0102621 0.0190218 0.999766

1 1.88572e-06 9.35424e-05
1.88572e-06 0.999188 -0.0403017
-9.35424e-05 0.0403017 0.999188

0.99979 -0.000308607 -0.0205034
-0.000308607 0.999547 -0.030093
0.0205034 0.030093 0.999337

0.998777 -0.000620913 -0.0494285
-0.000620913 0.999685 -0.0251044
0.0494285 0.0251044 0.998462

0.998909 -0.00104666 -0.0466954
-0.00104666 0.998996 -0.0447823
0.0466954 0.0447823 0.997905

0.99937 -0.000740885 -0.0354753
-0.000740885 0.999128 -0.0417377
0.0354753 0.0417377 0.998499

0.999129 -0.00133572 -0.0417172
-0.00133572 0.997953 -0.0639433
0.0417172 0.0639433 0.997081

0.998721 -0.00113676 -0.0505552
-0.00113676 0.99899 -0.0449196
0.0505552 0.0449196 0.997711

0.999469 -0.000790298 -0.0325593
-0.000790298 0.998823 -0.0485037
0.0325593 0.0485037 0.998292

0.999999 1.54652e-06 -0.00114815
1.54652e-06 0.999996 0.00269392
0.00114815 -0.00269392 0.999996

0.999976 9.33833e-05 0.00687318
9.33833e-05 0.999631 -0.0271679
-0.00687318 0.0271679 0.999607

0.999591 -0.000273848 -0.0285997
-0.000273848 0.999817 -0.0191447
0.0285997 0.0191447 0.999408

0.998456 -0.00025862 -0.0555473
-0.00025862 0.999957 -0.00930431
0.0555473 0.00930431 0.998413

0.999313 0.000702346 0.0370426
0.000702346 0.999282 -0.0378944
-0.0370426 0.0378944 0.998595

0.99992 -9.37205e-05 -0.0126576
-9.37205e-05 0.99989 -0.0148072
0.0126576 0.0148072 0.99981

0.999675 0.00033718 -0.0254994
0.00033718 0.99965 0.0264372
0.0254994 -0.0264372 0.999325

0.999738 0.000194697 -0.0228939
0.000194697 0.999855 0.0170051
0.0228939 -0.0170051 0.999593

0.999433 6.97132e-05 -0.0336613
6.97132e-05 0.999991 0.00414085
0.0336613 -0.00414085 0.999425

0.994341 -0.000350958 -0.106237
-0.000350958 0.999978 -0.0065883
0.106237 0.0065883 0.994319

0.999902 6.6788e-05 -0.0139781
6.6788e-05 0.999954 0.00955543
0.0139781 -0.00955543 0.999857

0.998975 -0.000363396 -0.0452557
-0.000363396 0.999871 -0.0160504
0.0452557 0.0160504 0.998846

0.998892 0.000142065 -0.0470634
0.000142065 0.999982 0.00603378
0.0470634 -0.00603378 0.998874

0.999346 -6.52283e-05 -0.0361694
-6.52283e-05 0.999993 -0.00360563
0.0361694 0.00360563 0.999339

0.999132 0.00106411 -0.0416456
0.00106411 0.998696 0.0510478
0.0416456 -0.0510478 0.997828

0.99615 0.0006492 -0.0876584
0.0006492 0.999891 0.0147827
0.0876584 -0.0147827 0.996041

0.99967 0.000351396 -0.0256869
0.000351396 0.999626 0.0273503
0.0256869 -0.0273503 0.999296

0.994712 0.00544721 -0.102558
0.00544721 0.994389 0.105648
0.102558 -0.105648 0.989101

0.995846 0.00523609 -0.0909083
0.00523609 0.993401 0.114576
0.0909083 -0.114576 0.989246

0.99971 0.000831653 -0.0240705
0.000831653 0.997616 0.0690091
0.0240705 -0.0690091 0.997326

0.99949 1.84071e-05 0.031924
1.84071e-05 0.999999 -0.00115289
-0.031924 0.00115289 0.99949

0.999422 0.000413988 0.0339922
0.000413988 0.999703 -0.0243472
-0.0339922 0.0243472 0.999125

0.999588 -0.000411577 0.0287009
-0.000411577 0.999589 0.0286686
-0.0287009 -0.0286686 0.999177

0.999883 -0.000144584 0.0153063
-0.000144584 0.999822 0.0188893
-0.0153063 -0.0188893 0.999704

0.999507 -0.000884316 0.0313703
-0.000884316 0.998412 0.0563205
-0.0313703 -0.0563205 0.99792

0.999378 -0.000509178 0.0352663
-0.000509178 0.999583 0.0288612
-0.0352663 -0.0288612 0.998961

0.998994 -0.000281626 -0.0448482
-0.000281626 0.999921 -0.0125523
0.0448482 0.0125523 0.998915

0.998582 0.000894127 -0.053219
0.000894127 0.999436 0.0335685
0.053219 -0.0335685 0.998018

0.999997 6.32832e-05 0.00259646
6.32832e-05 0.998813 -0.0487166
-0.00259646 0.0487166 0.998809

0.997944 -0.000551697 -0.0640841
-0.000551697 0.999852 -0.0171989
0.0640841 0.0171989 0.997796

0.999877 -0.000297969 -0.0156852
-0.000297969 0.999279 -0.0379776
0.0156852 0.0379776 0.999155

0.999831 -0.000191557 -0.0183885
-0.000191557 0.999783 -0.0208304
0.0183885 0.0208304 0.999614

0.997872 -0.000957515 -0.0651947
-0.000957515 0.999569 -0.0293365
0.0651947 0.0293365 0.997441

0.999353 -0.00121215 -0.0359518
-0.00121215 0.99773 -0.0673339
0.0359518 0.0673339 0.997083

0.999832 0.000181258 0.0183174
0.000181258 0.999804 -0.0197871
-0.0183174 0.0197871 0.999636

0.999949 -0.000815127 0.0100984
-0.000815127 0.987054 0.160387
-0.0100984 -0.160387 0.987003

0.999882 -0.00156674 0.0153033
-0.00156674 0.979256 0.202622
-0.0153033 -0.202622 0.979137

0.999952 -0.00104085 0.00973869
-0.00104085 0.977413 0.211337
-0.00973869 -0.211337 0.977365

0.999531 0.00322071 -0.0304567
0.00322071 0.977888 0.209106
0.0304567 -0.209106 0.977419

0.99981 -0.000716536 0.0194871
-0.000716536 0.9973 0.0734334
-0.0194871 -0.0734334 0.99711

0.999802 -0.000861717 0.019893
-0.000861717 0.996255 0.0864643
-0.019893 -0.0864643 0.996056

0.999765 -0.00095806 0.0216657
-0.00095806 0.996097 0.0882575
-0.0216657 -0.0882575 0.995862

0.997943 -0.00395531 0.0639848
-0.00395531 0.992394 0.123035
-0.0639848 -0.123035 0.990337

0.999822 0.000662224 -0.0188381
0.000662224 0.997532 0.0702138
0.0188381 -0.0702138 0.997354

0.999844 0.000983786 -0.0176452
0.000983786 0.993803 0.111153
0.0176452 -0.111153 0.993647

0.99701 -0.00222047 0.0772409
-0.00222047 0.998351 0.0573612
-0.0772409 -0.0573612 0.995361

0.997562 -0.00320307 0.0697098
-0.00320307 0.995791 0.0915918
-0.0697098 -0.0915918 0.993354

0.999993 -0.000308055 0.00385057
-0.000308055 0.987281 0.158987
-0.00385057 -0.158987 0.987273

0.999954 0.000457246 -0.00953534
0.000457246 0.995412 0.0956834
0.00953534 -0.0956834 0.995366

0.999939 0.0011199 -0.0109445
0.0011199 0.979276 0.202525
0.0109445 -0.202525 0.979216

0.999997 -0.000135803 0.00251045
-0.000135803 0.994165 0.107874
-0.00251045 -0.107874 0.994161

0.999705 0.00130398 -0.0242551
0.00130398 0.994237 0.107197
0.0242551 -0.107197 0.993942

0.999997 -0.000116372 0.00242677
-0.000116372 0.995411 0.0956869
-0.00242677 -0.0956869 0.995409

0.999702 -0.0017792 0.0243442
-0.0017792 0.989375 0.145373
-0.0243442 -0.145373 0.989077

0.999875 -0.000716977 0.0158213
-0.000716977 0.995901 0.0904427
-0.0158213 -0.0904427 0.995776

0.999815 -0.00106952 0.0192225
-0.00106952 0.993828 0.110924
-0.0192225 -0.110924 0.993643

0.999978 0.000305137 -0.00663208
0.000305137 0.995775 0.0918232
0.00663208 -0.0918232 0.995753

0.999731 -0.000627765 0.0231784
-0.000627765 0.998534 0.0541212
-0.0231784 -0.0541212 0.998265

0.99991 -0.000522584 0.0133691
-0.000522584 0.996949 0.078055
-0.0133691 -0.078055 0.996859

0.999927 -0.000523006 0.0120409
-0.000523006 0.996234 0.0867049
-0.0120409 -0.0867049 0.996161

0.999343 -0.00179704 0.0361953
-0.00179704 0.995084 0.0990201
-0.0361953 -0.0990201 0.994427

0.999997 -0.000174345 0.00254056
-0.000174345 0.990626 0.136606
-0.00254056 -0.136606 0.990622

0.999112 0.00261966 -0.0420532
0.00261966 0.992272 0.124051
0.0420532 -0.124051 0.991384

0.999673 0.00122165 -0.0255368
0.00122165 0.995434 0.0954435
0.0255368 -0.0954435 0.995107

0.998941 0.00156498 -0.045973
0.00156498 0.997686 0.0679676
0.045973 -0.0679676 0.996628

1 2.05664e-05 -0.000486586
2.05664e-05 0.996433 0.0843828
0.000486586 -0.0843828 0.996433

0.999826 -0.00151532 0.0185963
-0.00151532 0.986809 0.161881
-0.0185963 -0.161881 0.986635

0.999782 -0.000869666 0.0208743
-0.000869666 0.996535 0.0831707
-0.0208743 -0.0831707 0.996317

0.999977 0.000563824 -0.00676218
0.000563824 0.986192 0.165605
0.00676218 -0.165605 0.986169

0.999864 -0.00183819 0.0163742
-0.00183819 0.97511 0.221713
-0.0163742 -0.221713 0.974975

0.999122 -0.00448409 0.0416432
-0.00448409 0.977086 0.212795
-0.0416432 -0.212795 0.976209

0.999544 -0.00266884 0.0300736
-0.00266884 0.984376 0.17606
-0.0300736 -0.17606 0.98392

0.999847 0.00121855 -0.0174532
0.00121855 0.990299 0.138949
0.0174532 -0.138949 0.990146

0.999898 -0.00115396 0.0142657
-0.00115396 0.986999 0.160721
-0.0142657 -0.160721 0.986897

0.999236 -0.00335176 0.0389348
-0.00335176 0.985293 0.170841
-0.0389348 -0.170841 0.984529

0.999512 -0.0024874 0.0311264
-0.0024874 0.987312 0.158773
-0.0311264 -0.158773 0.986824

0.99996 -0.00034798 0.00894718
-0.00034798 0.996979 0.0776664
-0.00894718 -0.0776664 0.996939

0.999975 -0.000830085 0.00703877
-0.000830085 0.972567 0.232623
-0.00703877 -0.232623 0.972542

0.999935 -0.00119424 0.0113134
-0.00119424 0.977961 0.208786
-0.0113134 -0.208786 0.977896

0.999136 -0.0044646 0.0413205
-0.0044646 0.976931 0.21351
-0.0413205 -0.21351 0.976067

0.999751 -0.00357498 0.022034
-0.00357498 0.948708 0.316135
-0.022034 -0.316135 0.948458

0.99882 -0.00583303 0.0482041
-0.00583303 0.971154 0.238381
-0.0482041 -0.238381 0.969975

0.999429 -0.00288336 0.0336719
-0.00288336 0.985446 0.169967
-0.0336719 -0.169967 0.984874

0.999658 -0.00288516 0.0259791
-0.00288516 0.975637 0.219371
-0.0259791 -0.219371 0.975296

0.999868 -0.00308826 0.0159371
-0.00308826 0.927623 0.373505
-0.0159371 -0.373505 0.927491

0.99953 -0.00599155 0.0300696
-0.00599155 0.923644 0.383204
-0.0300696 -0.383204 0.923174

0.99976 0.00110126 -0.0218864
0.00110126 0.99495 0.100368
0.0218864 -0.100368 0.99471

0.998951 -0.00291027 0.0457026
-0.00291027 0.991927 0.126776
-0.0457026 -0.126776 0.990878

0.999539 -0.00308039 0.0302077
-0.00308039 0.979422 0.201801
-0.0302077 -0.201801 0.978961

0.998707 0.00330245 -0.0507306
0.00330245 0.991566 0.129562
0.0507306 -0.129562 0.990273

0.999691 -0.00172163 0.0247949
-0.00172163 0.990405 0.138182
-0.0247949 -0.138182 0.990096

0.999949 -0.00116313 0.0100732
-0.00116313 0.973686 0.227891
-0.0100732 -0.227891 0.973634

0.999231 -0.00549216 0.0388165
-0.00549216 0.960762 0.27732
-0.0388165 -0.27732 0.959993

0.998087 -0.00788279 0.0613138
-0.00788279 0.967511 0.252707
-0.0613138 -0.252707 0.965598

0.999257 0.00061879 -0.0385431
0.00061879 0.999485 0.0320888
0.0385431 -0.0320888 0.998742

0.9999 -0.00186704 0.0140219
-0.00186704 0.965161 0.261651
-0.0140219 -0.261651 0.965061

0.999999 -0.000143748 0.00133236
-0.000143748 0.976987 0.213298
-0.00133236 -0.213298 0.976986

0.996793 -0.010833 0.0792867
-0.010833 0.963407 0.267822
-0.0792867 -0.267822 0.9602

0.997053 -0.00835052 0.0762608
-0.00835052 0.976339 0.216085
-0.0762608 -0.216085 0.973392

0.999965 0.000736633 -0.00838446
0.000736633 0.984681 0.174365
0.00838446 -0.174365 0.984645

0.999893 0.00151758 -0.0145659
0.00151758 0.978524 0.206126
0.0145659 -0.206126 0.978417

0.999888 0.00165371 -0.01486
0.00165371 0.975535 0.219837
0.01486 -0.219837 0.975423

0.999649 0.00218069 -0.0263897
0.00218069 0.986438 0.164119
0.0263897 -0.164119 0.986087

0.99993 -0.000166344 0.0118095
-0.000166344 0.999603 0.0281646
-0.0118095 -0.0281646 0.999534

0.999618 -0.00183591 0.0275632
-0.00183591 0.991168 0.132601
-0.0275632 -0.132601 0.990786

0.999927 -0.000382419 0.0121127
-0.000382419 0.998009 0.0630783
-0.0121127 -0.0630783 0.997935

0.999392 0.00312015 -0.034732
0.00312015 0.983993 0.178177
0.034732 -0.178177 0.983385

0.99959 0.00233867 -0.0285476
0.00233867 0.98667 0.162718
0.0285476 -0.162718 0.98626

0.999777 -0.000595663 0.0211312
-0.000595663 0.998412 0.0563266
-0.0211312 -0.0563266 0.998189

0.999678 -0.00136412 0.0253486
-0.00136412 0.994226 0.107301
-0.0253486 -0.107301 0.993903

0.999567 -0.00131815 0.0294101
-0.00131815 0.995991 0.0894401
-0.0294101 -0.0894401 0.995558

0.999523 -0.00263044 0.0307753
-0.00263044 0.985498 0.169664
-0.0307753 -0.169664 0.985021

0.997375 -0.00607785 0.072155
-0.00607785 0.985928 0.16706
-0.072155 -0.16706 0.983303

0.999876 -0.00109551 0.0157087
-0.00109551 0.990321 0.138795
-0.0157087 -0.138795 0.990197

0.997998 0.00510135 -0.0630406
0.00510135 0.987002 0.160629
0.0630406 -0.160629 0.985

0.99976 0.00188818 -0.0218269
0.00188818 0.985146 0.171709
0.0218269 -0.171709 0.984906

0.999998 0.000188802 -0.00183074
0.000188802 0.978953 0.204086
0.00183074 -0.204086 0.978951

0.99897 0.00328428 -0.0452665
0.00328428 0.989532 0.144274
0.0452665 -0.144274 0.988502

0.999472 0.00177979 -0.0324471
0.00177979 0.994002 0.109346
0.0324471 -0.109346 0.993474

0.999911 -0.00089008 0.0132814
-0.00089008 0.991058 0.133429
-0.0132814 -0.133429 0.990969

0.998408 0.00615487 -0.0560694
0.00615487 0.976206 0.216758
0.0560694 -0.216758 0.974614

0.99962 0.00263308 -0.0274317
0.00263308 0.981745 0.190185
0.0274317 -0.190185 0.981365

0.999643 0.00239686 -0.0266265
0.00239686 0.983927 0.178557
0.0266265 -0.178557 0.983569

0.999886 0.00226232 -0.0149034
0.00226232 0.954955 0.296743
0.0149034 -0.296743 0.954841

0.999998 -0.00031786 0.0019189
-0.00031786 0.946588 0.322447
-0.0019189 -0.322447 0.946586

0.99992 0.00125361 -0.0125894
0.00125361 0.980364 0.19719
0.0125894 -0.19719 0.980284

0.999994 0.000328931 -0.00348965
0.000328931 0.982387 0.186857
0.00348965 -0.186857 0.982381

0.999371 0.00153097 -0.0354294
0.00153097 0.996274 0.0862353
0.0354294 -0.0862353 0.995645

0.999404 0.00194314 -0.0344651
0.00194314 0.993665 0.112369
0.0344651 -0.112369 0.993069

0.999807 0.000391521 -0.0196258
0.000391521 0.999204 0.0398789
0.0196258 -0.0398789 0.999012

0.996985 0.00454032 -0.0774649
0.00454032 0.993163 0.116645
0.0774649 -0.116645 0.990148

0.998896 0.0020128 -0.0469416
0.0020128 0.996332 0.0855529
0.0469416 -0.0855529 0.995227

0.998879 -0.00586542 0.0469707
-0.00586542 0.969309 0.245776
-0.0469707 -0.245776 0.968188

0.999986 0.000510439 -0.0051828
0.000510439 0.980787 0.195081
0.0051828 -0.195081 0.980774

0.999341 -0.00413652 0.0360552
-0.00413652 0.974026 0.226399
-0.0360552 -0.226399 0.973367

0.999757 -0.000277587 0.0220476
-0.000277587 0.999683 0.0251736
-0.0220476 -0.0251736 0.99944

0.999215 -0.00172979 0.0395888
-0.00172979 0.99619 0.0871873
-0.0395888 -0.0871873 0.995405

0.999738 0.000952299 -0.0228553
0.000952299 0.996534 0.0831775
0.0228553 -0.0831775 0.996273

0.991915 -0.0140765 0.126124
-0.0140765 0.975493 0.21958
-0.126124 -0.21958 0.967408

0.999917 0.000232871 -0.0128453
0.000232871 0.999343 0.0362445
0.0128453 -0.0362445 0.99926

0.999491 -0.00281449 0.0317923
-0.00281449 0.984452 0.175633
-0.0317923 -0.175633 0.983942

0.99997 -0.000490756 0.00776756
-0.000490756 0.992048 0.125856
-0.00776756 -0.125856 0.992018

0.999983 0.000575267 -0.00577088
0.000575267 0.980322 0.197406
0.00577088 -0.197406 0.980305

0.999974 0.000527095 -0.00713455
0.000527095 0.989143 0.146954
0.00713455 -0.146954 0.989118

0.999963 0.000997569 -0.00857126
0.000997569 0.973271 0.229655
0.00857126 -0.229655 0.973234

0.999994 0.000183605 -0.00349631
0.000183605 0.9945 0.104739
0.00349631 -0.104739 0.994494

0.999854 0.00209628 -0.0169738
0.00209628 0.969956 0.243272
0.0169738 -0.243272 0.96981

0.999921 0.00219126 -0.0123709
0.00219126 0.939161 0.343472
0.0123709 -0.343472 0.939082

0.999365 -0.00601425 0.0351264
-0.00601425 0.943057 0.332577
-0.0351264 -0.332577 0.942422

0.999995 -0.000635663 0.0031991
-0.000635663 0.924036 0.382306
-0.0031991 -0.382306 0.92403

0.996818 -0.0047113 0.0795772
-0.0047113 0.993025 0.117807
-0.0795772 -0.117807 0.989843

0.996754 -0.00681188 0.0802188
-0.00681188 0.985705 0.168343
-0.0802188 -0.168343 0.982459

0.99277 -0.00955606 0.119652
-0.00955606 0.98737 0.158144
-0.119652 -0.158144 0.98014

0.999812 0.00151193 -0.0193419
0.00151193 0.987855 0.155374
0.0193419 -0.155374 0.987666

0.999999 0.000127323 -0.00129252
0.000127323 0.980779 0.195123
0.00129252 -0.195123 0.980778

0.99953 -0.00230551 0.0305771
-0.00230551 0.988697 0.149912
-0.0305771 -0.149912 0.988226

0.999566 -0.00210421 0.0293688
-0.00210421 0.989788 0.142533
-0.0293688 -0.142533 0.989354

0.998492 0.00436692 -0.0547217
0.00436692 0.987353 0.158475
0.0547217 -0.158475 0.985845

0.989567 -0.00988467 0.143734
-0.00988467 0.990635 0.136179
-0.143734 -0.136179 0.980202

0.996987 -0.00608774 0.0773244
-0.00608774 0.987698 0.156254
-0.0773244 -0.156254 0.984686

0.999495 0.0048494 -0.031402
0.0048494 0.953426 0.301589
0.031402 -0.301589 0.952921

0.999952 0.000263444 -0.00979778
0.000263444 0.998555 0.053736
0.00979778 -0.053736 0.998507

0.999088 0.00328796 -0.0425653
0.00328796 0.988143 0.153504
0.0425653 -0.153504 0.987231

0.991753 -0.0138606 0.127413
-0.0138606 0.976705 0.214139
-0.127413 -0.214139 0.968458

0.994048 -0.0150371 0.107901
-0.0150371 0.962011 0.272597
-0.107901 -0.272597 0.956059

0.999962 0.000883892 -0.00868265
0.000883892 0.979487 0.201507
0.00868265 -0.201507 0.979449

0.999526 -0.00229739 0.0307122
-0.00229739 0.988874 0.14874
-0.0307122 -0.14874 0.988399

0.999962 -0.000744532 0.00868588
-0.000744532 0.985412 0.170181
-0.00868588 -0.170181 0.985374

0.999961 -0.000785373 0.00875696
-0.000785373 0.984042 0.177936
-0.00875696 -0.177936 0.984003

0.999875 0.00148356 -0.0157189
0.00148356 0.982343 0.187083
0.0157189 -0.187083 0.982218

0.998702 -0.00700343 0.0504512
-0.00700343 0.962213 0.272206
-0.0504512 -0.272206 0.960915

0.999984 0.000658923 -0.00556962
0.000658923 0.972394 0.233345
0.00556962 -0.233345 0.972378

0.997904 -0.0102271 0.0638932
-0.0102271 0.950091 0.311806
-0.0638932 -0.311806 0.947995

0.999992 0.00025767 -0.00397708
0.00025767 0.99164 0.129035
0.00397708 -0.129035 0.991632

0.999984 -0.000389345 0.00567978
-0.000389345 0.990646 0.136456
-0.00567978 -0.136456 0.99063

0.999857 -0.00125709 0.0168745
-0.00125709 0.988963 0.14816
-0.0168745 -0.14816 0.988819

0.999328 0.00235389 -0.036566
0.00235389 0.991749 0.128173
0.036566 -0.128173 0.991077

0.999349 0.00248525 -0.0359884
0.00248525 0.990511 0.137414
0.0359884 -0.137414 0.98986

0.998361 0.00366284 -0.0571206
0.00366284 0.991816 0.127619
0.0571206 -0.127619 0.990177

0.999679 0.00253232 -0.0252219
0.00253232 0.980043 0.198767
0.0252219 -0.198767 0.979722

0.999903 0.00142753 -0.0138785
0.00142753 0.979063 0.203554
0.0138785 -0.203554 0.978965

0.996901 -0.0030143 0.07861
-0.0030143 0.997068 0.0764588
-0.07861 -0.0764588 0.993969

0.99994 -0.00118239 0.0109252
-0.00118239 0.976846 0.21394
-0.0109252 -0.21394 0.976786

0.998895 -0.00282607 0.0469167
-0.00282607 0.992773 0.11997
-0.0469167 -0.11997 0.991668

0.999323 -0.0026029 0.0366883
-0.0026029 0.989987 0.141134
-0.0366883 -0.141134 0.98931

0.999601 -0.00154383 0.0281937
-0.00154383 0.994022 0.109167
-0.0281937 -0.109167 0.993624

